 1.0000090     0.0012600
 0.9983617     0.0015027
 0.9956718     0.0018986
 0.9926698     0.0023397
 0.9892871     0.0028349
 0.9854351     0.0033972
 0.9809982     0.0040425
 0.9758277     0.0047912
 0.9697383     0.0056687
 0.9625189     0.0067033
 0.9539689     0.0079198
 0.9439722     0.0093306
 0.9325893     0.0109238
 0.9200622     0.0126588
 0.9067213     0.0144877
 0.8928744     0.0163652
 0.8787343     0.0182605
 0.8644325     0.0201555
 0.8500425     0.0220406
 0.8356071     0.0239103
 0.8211467     0.0257612
 0.8066702     0.0275928
 0.7921861     0.0294042
 0.7776998     0.0311942
 0.7632116     0.0329621
 0.7487202     0.0347082
 0.7342294     0.0364324
 0.7197418     0.0381332
 0.7052554     0.0398102
 0.6907711     0.0414634
 0.6762910     0.0430917
 0.6618156     0.0446942
 0.6473454     0.0462700
 0.6328816     0.0478183
 0.6184245     0.0493378
 0.6039746     0.0508277
 0.5895350     0.0522865
 0.5751071     0.0537122
 0.5606878     0.0551036
 0.5462782     0.0564600
 0.5318837     0.0577793
 0.5175052     0.0590588
 0.5031395     0.0602970
 0.4887880     0.0614927
 0.4744542     0.0626435
 0.4601399     0.0637468
 0.4458458     0.0648005
 0.4315739     0.0658018
 0.4173258     0.0667479
 0.4031028     0.0676360
 0.3889059     0.0684634
 0.3747369     0.0692269
 0.3605992     0.0699236
 0.3464962     0.0705497
 0.3324304     0.0711014
 0.3184046     0.0715749
 0.3044229     0.0719659
 0.2904887     0.0722701
 0.2766055     0.0724831
 0.2627809     0.0726004
 0.2490239     0.0726162
 0.2353408     0.0725246
 0.2217390     0.0723198
 0.2082306     0.0719962
 0.1948341     0.0715478
 0.1815709     0.0709679
 0.1684666     0.0702505
 0.1555741     0.0693918
 0.1429454     0.0683849
 0.1306300     0.0672341
 0.1187967     0.0659610
 0.1076067     0.0645451
 0.0970908     0.0629563
 0.0872398     0.0611781
 0.0780450     0.0592114
 0.0695026     0.0570709
 0.0616122     0.0547808
 0.0543697     0.0523728
 0.0477666     0.0498830
 0.0417847     0.0473484
 0.0363965     0.0448027
 0.0315647     0.0422748
 0.0272470     0.0397867
 0.0233965     0.0373546
 0.0199683     0.0349875
 0.0169179     0.0326904
 0.0142044     0.0304644
 0.0117931     0.0283077
 0.0096514     0.0262174
 0.0077526     0.0241897
 0.0060756     0.0222194
 0.0045999     0.0203018
 0.0033107     0.0184326
 0.0021989     0.0166076
 0.0012547     0.0148228
 0.0004710     0.0130761
-0.0001534     0.0113675
-0.0006207     0.0096959
-0.0009337     0.0080606
-0.0010938     0.0064620
-0.0010986     0.0048907
-0.0009390     0.0033279
-0.0006034     0.0017584
-0.0000750     0.0001829
 0.0006650    -0.0013791
 0.0016194    -0.0029020
 0.0027854    -0.0043632
 0.0041631    -0.0057504
 0.0057540    -0.0070658
 0.0075565    -0.0083106
 0.0095779    -0.0094894
 0.0118306    -0.0106117
 0.0143354    -0.0116895
 0.0171277    -0.0127351
 0.0202517    -0.0137653
 0.0237708    -0.0147951
 0.0277675    -0.0158464
 0.0323538    -0.0169441
 0.0376779    -0.0181240
 0.0439205    -0.0194281
 0.0512837    -0.0209052
 0.0599508    -0.0226035
 0.0699797    -0.0245482
 0.0812002    -0.0267061
 0.0932359    -0.0289822
 0.1056709    -0.0312521
 0.1182190    -0.0334030
 0.1307977    -0.0353648
 0.1435117    -0.0371333
 0.1564070    -0.0387442
 0.1694405    -0.0402051
 0.1826080    -0.0415233
 0.1959052    -0.0427084
 0.2093143    -0.0437672
 0.2228203    -0.0447057
 0.2364145    -0.0455292
 0.2500910    -0.0462435
 0.2638391    -0.0468546
 0.2776498    -0.0473667
 0.2915192    -0.0477843
 0.3054425    -0.0481120
 0.3194136    -0.0483540
 0.3334285    -0.0485139
 0.3474840    -0.0485957
 0.3615753    -0.0486026
 0.3756992    -0.0485375
 0.3898554    -0.0484034
 0.4040419    -0.0482037
 0.4182548    -0.0479412
 0.4324905    -0.0476183
 0.4467472    -0.0472372
 0.4610250    -0.0467998
 0.4753232    -0.0463085
 0.4896386    -0.0457658
 0.5039685    -0.0451730
 0.5183131    -0.0445319
 0.5326724    -0.0438441
 0.5470449    -0.0431114
 0.5614278    -0.0423356
 0.5758188    -0.0415176
 0.5902184    -0.0406584
 0.6046269    -0.0397591
 0.6190414    -0.0388213
 0.6334602    -0.0378453
 0.6478858    -0.0368318
 0.6623170    -0.0357824
 0.6767482    -0.0346979
 0.6911793    -0.0335779
 0.7056135    -0.0324228
 0.7200504    -0.0312335
 0.7344859    -0.0300111
 0.7489158    -0.0287554
 0.7633439    -0.0274653
 0.7777718    -0.0261420
 0.7921913    -0.0247865
 0.8066010    -0.0233975
 0.8210005    -0.0219758
 0.8353770    -0.0205223
 0.8497203    -0.0190374
 0.8640034    -0.0175248
 0.8781728    -0.0159890
 0.8921470    -0.0144396
 0.9057674    -0.0128971
 0.9187921    -0.0113902
 0.9309103    -0.0099600
 0.9418107    -0.0086502
 0.9513088    -0.0074897
 0.9594061    -0.0064868
 0.9662433    -0.0056298
 0.9720289    -0.0048963
 0.9769655    -0.0042686
 0.9812168    -0.0037231
 0.9849174    -0.0032344
 0.9881925    -0.0028083
 0.9911320    -0.0024515
 0.9937462    -0.0020893
 0.9961067    -0.0017184
 0.9984524    -0.0015692
 0.9999486    -0.0005824
 1.0000090     0.0012600
