 1.0018200     0.0105200
 1.0002205     0.0112137
 0.9976520     0.0123853
 0.9948427     0.0137220
 0.9917411     0.0152052
 0.9882812     0.0167861
 0.9843798     0.0184062
 0.9799400     0.0200429
 0.9748529     0.0216865
 0.9689599     0.0233506
 0.9621027     0.0250986
 0.9541271     0.0269485
 0.9448783     0.0289279
 0.9343397     0.0310743
 0.9227172     0.0333509
 0.9102873     0.0356832
 0.8973030     0.0380132
 0.8839580     0.0403034
 0.8703740     0.0425340
 0.8566228     0.0446973
 0.8427442     0.0467929
 0.8287595     0.0488241
 0.8146801     0.0507968
 0.8005119     0.0527177
 0.7862576     0.0545946
 0.7719189     0.0564362
 0.7574988     0.0582511
 0.7430024     0.0600482
 0.7284407     0.0618361
 0.7138356     0.0636220
 0.6992297     0.0654092
 0.6846583     0.0672012
 0.6701305     0.0690040
 0.6556640     0.0708247
 0.6412210     0.0726634
 0.6268257     0.0744683
 0.6124302     0.0762259
 0.5980151     0.0779497
 0.5835898     0.0796409
 0.5691590     0.0812989
 0.5547211     0.0829228
 0.5402733     0.0845138
 0.5258154     0.0860732
 0.5113498     0.0876020
 0.4968799     0.0891002
 0.4824105     0.0905678
 0.4679491     0.0920038
 0.4535064     0.0934069
 0.4391024     0.0947731
 0.4247570     0.0960930
 0.4104784     0.0973567
 0.3962700     0.0985554
 0.3821367     0.0996814
 0.3680908     0.1007264
 0.3541477     0.1016789
 0.3403199     0.1025265
 0.3266213     0.1032552
 0.3130567     0.1038479
 0.2996116     0.1042908
 0.2862774     0.1045816
 0.2730971     0.1047235
 0.2601581     0.1047018
 0.2475015     0.1044793
 0.2351036     0.1040250
 0.2229258     0.1033177
 0.2109199     0.1023398
 0.1990347     0.1010854
 0.1872571     0.0995624
 0.1756086     0.0977729
 0.1640981     0.0957052
 0.1527061     0.0933491
 0.1414241     0.0907119
 0.1302854     0.0878110
 0.1193399     0.0846584
 0.1086364     0.0812664
 0.0982316     0.0776565
 0.0882034     0.0738592
 0.0786300     0.0699013
 0.0695757     0.0658138
 0.0611030     0.0616449
 0.0532758     0.0574566
 0.0461437     0.0533151
 0.0397344     0.0492806
 0.0340421     0.0453955
 0.0290297     0.0416881
 0.0246399     0.0381777
 0.0208088     0.0348730
 0.0174784     0.0317615
 0.0145928     0.0288187
 0.0120974     0.0260240
 0.0099438     0.0233618
 0.0080906     0.0208197
 0.0065014     0.0183886
 0.0051463     0.0160610
 0.0039999     0.0138305
 0.0030410     0.0116917
 0.0022500     0.0096407
 0.0016056     0.0076755
 0.0010884     0.0057947
 0.0006814     0.0039961
 0.0003759     0.0022767
 0.0001941     0.0006280
 0.0001624    -0.0009546
 0.0003098    -0.0025254
 0.0006789    -0.0041043
 0.0012955    -0.0056511
 0.0021937    -0.0071174
 0.0034167    -0.0084217
 0.0049543    -0.0095068
 0.0067401    -0.0104142
 0.0087340    -0.0112269
 0.0109219    -0.0120270
 0.0133219    -0.0128348
 0.0159722    -0.0136376
 0.0189156    -0.0144336
 0.0222075    -0.0152186
 0.0259172    -0.0159962
 0.0301312    -0.0167755
 0.0349542    -0.0175689
 0.0405077    -0.0183768
 0.0469301    -0.0191874
 0.0543560    -0.0199846
 0.0628834    -0.0207478
 0.0725273    -0.0214520
 0.0831871    -0.0220620
 0.0946864    -0.0225410
 0.1068244    -0.0228695
 0.1194003    -0.0230408
 0.1322412    -0.0230501
 0.1452218    -0.0228939
 0.1582479    -0.0225742
 0.1712236    -0.0220900
 0.1840817    -0.0214161
 0.1968718    -0.0205097
 0.2097320    -0.0193556
 0.2227754    -0.0179659
 0.2360878    -0.0163619
 0.2497312    -0.0145813
 0.2636814    -0.0126818
 0.2778415    -0.0107052
 0.2921458    -0.0086698
 0.3065611    -0.0065909
 0.3210571    -0.0044855
 0.3355814    -0.0023750
 0.3500871    -0.0002771
 0.3645563     0.0017971
 0.3789873     0.0038392
 0.3933846     0.0058451
 0.4077500     0.0078115
 0.4220808     0.0097342
 0.4363748     0.0116076
 0.4506341     0.0134261
 0.4648669     0.0151857
 0.4790814     0.0168848
 0.4932797     0.0185224
 0.5074586     0.0200965
 0.5216140     0.0216028
 0.5357470     0.0230369
 0.5498648     0.0243955
 0.5639780     0.0256783
 0.5780879     0.0268869
 0.5921855     0.0280212
 0.6062578     0.0290749
 0.6203154     0.0300377
 0.6344143     0.0309025
 0.6486488     0.0316910
 0.6630140     0.0324448
 0.6774023     0.0331697
 0.6917647     0.0338532
 0.7060749     0.0344858
 0.7203153     0.0350588
 0.7344683     0.0355637
 0.7485144     0.0359885
 0.7624438     0.0363189
 0.7762555     0.0365416
 0.7899512     0.0366444
 0.8035372     0.0366152
 0.8170237     0.0364445
 0.8304173     0.0361256
 0.8437151     0.0356532
 0.8569055     0.0350228
 0.8699661     0.0342315
 0.8828526     0.0332791
 0.8954960     0.0321654
 0.9078078     0.0308923
 0.9196689     0.0294729
 0.9309182     0.0279362
 0.9413694     0.0263298
 0.9508418     0.0247160
 0.9592197     0.0231360
 0.9665233     0.0215823
 0.9728728     0.0200436
 0.9784050     0.0185367
 0.9832392     0.0170854
 0.9874808     0.0157076
 0.9912230     0.0144168
 0.9945452     0.0132235
 0.9975139     0.0121309
 1.0001835     0.0111349
 1.0018200     0.0105200
